6541
4300
3770
14670
1476
14709
3803
2472
2386
4691
4267
4992
6925
5471
7060
6108
11101
4452
4987
5424
4493
3019
6941
3867
6060
9867
4220
4211
6356
11564
4465
12736
16915
7145
4916
5128
6323
9479
3856
13366
6597
9209
11622
7154
2151
7425
19255
18874
4952
15585
12257
8472
13308
7566
19976
11123
11784
7824
9284
8834
4371
2390
3165
5010
4439
678
884
2457
1669
2097
1060
2858
4002
4283
2153
2603
7601
5157
1134
2721
1954
9529
3923
5820
6967
1566
3288
1519
5735
1332
3050
2903
1017
10387
1916
1904
2459
2162
1722
3107
1712
2866
2547
4478
9307
3194
1361
1393
3370
3416
7607
569
1843
4229
3727
1508
2458
6028
4593
9908
4575
1816
1654
7257
1559
1928
4109
2573
2164
2424
2663
5013
1575
4376
1214
4813
1142
2354
1762
5301
3332
2475
5575
5224
7565
2921
3374
1194
4457
4183
3361
1126
4085
4881
9554
6402
2867
3640
1358
2528
3586
4508
4382
1786
3773
11329
2395
2414
591
5216
2960
4931
4692
5352
1727
4673
1595
5959
3059
8853
3505
11150
2289
11241
1319
2365
13432
2771
491
2078
7896
7520
5716
5795
1335
2265
5931
2021
2463
4805
6541
4300
3770
14670
1476
14709
3803
2472
2386
4691
4267
4992
6925
5471
7060
6108
11101
4452
4987
5424
4493
3019
6941
3867
6060
9867
4220
4211
6356
11564
4465
12736
16915
7145
4916
5128
6323
9479
3856
13366
6597
9209
11622
7154
2151
7425
19255
18874
4952
15585
12257
8472
13308
7566
19976
11123
11784
7824
9284
8834
4371
2390
3165
5010
4439
678
884
2457
1669
2097
1060
2858
4002
4283
2153
2603
7601
5157
1134
2721
1954
9529
3923
5820
6967
1566
3288
1519
5735
1332
3050
2903
1017
10387
1916
1904
2459
2162
1722
3107
1712
2866
2547
4478
9307
3194
1361
1393
3370
3416
7607
569
1843
4229
3727
1508
2458
6028
4593
9908
4575
1816
1654
7257
1559
1928
4109
2573
2164
2424
2663
5013
1575
4376
1214
4813
1142
2354
1762
5301
3332
2475
5575
5224
7565
2921
3374
1194
4457
4183
3361
1126
4085
4881
9554
6402
2867
3640
1358
2528
3586
4508
4382
1786
3773
11329
2395
2414
591
5216
2960
4931
4692
5352
1727
4673
1595
5959
3059
8853
3505
11150
2289
11241
1319
2365
13432
2771
491
2078
7896
7520
5716
5795
1335
2265
5931
2021
2463
4805
5556
3253
3844
5457
2742
1967
3007
4070
1459
4021
3849
2353
2190
2772
1925
6451
2009
1511
8740
5146
2991
1576
1641
3152
820
4015
6525
9220
8506
5151
2103
1387
6089
3127
691
1373
6505
1636
609
5109
752
1918
2157
3677
9237
3993
6562
7432
4080
3917
5852
3781
2403
2210
5379
2745
2309
5230
6664
3862
6763
6105
1714
9575
2106
5808
8722
3621
7550
5977
3996
2264
8073
5906
9399
3568
5078
2956
4247
9004
2101
3117
1927
3645
2458
6138
4766
6731
2908
3742
1808
1428
1271
4307
674
665
4518
2968
5791
2448
3161
1353
2757
3364
1895
5174
6467
5573
7229
1284
2321
10976
3441
2994
6864
2501
3486
2567
2715
5229
3887
2308
4474
1263
5746
546
1494
2578
2604
1506
3146
4565
2675
2895
2410
2789
10674
4634
3569
7317
6103
5605
7672
6640
7326
5998
15642
2058
2043
5669
6949
1380
3620
6367
3059
3229
764
9126
10160
3139
3597
3586
6947
2998
4300
7842
4088
5544
10753
6597
6730
2661
2124
442
749
733
512
5588
2197
14176
6983
7256
12427
3905
5095
4386
6569
593
1085
1930
4755
4308
2478
8906
6554
7042
4217
1218
7902
3187
3142
3240
2061
3704
1227
4876
2031
1094
4198
1692
2402
2648
4190
2812
1306
1689
2021
7883
3382
6256
11667
4316
4769
6345
5588
5421
4477
10454
7735
3318
7430
3024
4563
8465
4310
3169
10407
2544
6011
10555
7730
3413
12225
2078
4664
2289
4453
5236
7530
3996
3413
4335
8162
14266
5580
7602
827
5140
1666
5314
4246
7970
9138
5026
8963
12367
9782
8169
3482
11747
2717
1931
13923
10031
5388
14035
12553
9166
3446
2757
11265
4364
9316
12346
12246
7844
6579
2146
12105
7424
1517
8064
6900
4164
4310
16621
9328
1217
1295
8137
5762
11759
6837
10756
8284
4899
13242
1874
8663
2551
5308
8985
6628
3512
10263
741
7065
5331
2351
4585
3548
5060
5864
4204
14492
7616
6689
2398
4826
9113
7642
8541
7447
10085
4207
10515
11087
10637
8057
4378
1943
2014
11571
2469
5816
4365
4307
6791
3738
11953
2080
7995
2793
9541
5965
9376
6602
5532
4323
4829
9227
4883
6536
6005
4821
8977
9182
5935
8115
3487
2653
3958
1313
6872
11479
5631
3484
6417
5217
6370
6232
2024
9561
9690
2100
10285
7588
10749
7561
7358
9897
8115
4050
11185
6909
5271
3342
2352
8387
8164
4830
10273
3431
6273
1351
5136
2527
5021
1439
2013
3491
2520
1815
4314
5323
1597
4008
3642
1619
1539
3426
1807
3301
7121
3162
3064
2641
9283
13645
1465
2494
2668
4807
3035
3351
4486
12109
7145
9493
8326
4238
4534
9344
5010
2185
3722
7045
1122
7153
4805
4497
6334
1946
6665
7640
4421
3423
6691
8657
3148
1935
2706
2874
9840
3747
1216
6666
5102
7020
5786
10074
4433
3944
2005
1494
5089
4567
717
1807
6411
1162
864
5980
3649
4254
4880
9610
2981
6070
2139
799
1580
1220
8228
4172
5139
3246
4114
5647
5650
3082
4005
1875
2887
3919
540
1020
2325
3683
1615
336
3495
1809
1245
1235
2520
967
459
801
491
326
3350
1465
1392
2252
4861
4968
746
3923
2015
443
2978
1039
549
2793
766
5094
8352
2498
369
3908
2670
780
2948
353
2424
556
899
1287
763
2047
1231
2480
804
1128
1662
2363
553
905
1341
4758
2153
790
2822
2435
2518
1072
2726
1067
1640
1901
1283
2041
1226
1131
5360
951
1629
413
925
812
2891
652
1918
2177
2001
1361
351
1243
394
1100
1515
636
5401
7346
1499
2544
2406
2239
506
865
528
1257
990
2242
3650
4093
3379
2028
3380
909
455
959
1569
1410
2128
1144
5609
6031
2803
3244
4358
688
705
352
715
979
2965
3066
1400
277
2697
1468
2004
1366
592
2323
363
759
2935
1217
1839
6046
6964
2686
8444
7223
1791
1035
1479
3028
4022
864
685
530
496
1151
534
1053
921
554
4133
982
726
2070
250
550
1573
1297
3160
3626
3623
987
500
1469
4043
2199
364
5416
493
7128
2089
1673
2157
665
1630
1034
2454
1744
1648
751
450
3397
307
1404
3049
858
640
2888
1012
217
358
819
923
5256
3210
728
5631
2431
4521
2193
2473
5825
614
983
4787
2002
4152
528
1299
7025
674
2437
809
4732
5813
4030
2391
2158
4528
613
3648
2885
14317
506
614
2541
2620
1726
297
7387
1668
1188
545
4967
2533
6394
5057
1656
612
2725
2218
2237
5982
2809
441
1789
2112
546
653
2649
3002
708
4779
999
2441
1475
2960
1074
2411
1058
2752
3451
2975
925
2799
779
2141
3353
2674
8210
4357
2897
4997
3448
6024
2106
8534
7079
3404
406
6471
2698
5523
936
4160
2888
3019
4734
446
4814
1641
3885
1302
2936
909
2796
2580
422
551
1813
1754
4123
4777
4849
2845
2541
1493
4203
4532
2592
3485
975
2630
1165
2683
2940
557
244
1674
1393
530
833
720
2731
2084
919
1146
2212
1047
802
2715
2583
1165
352
1475
523
389
1509
1239
414
5294
3013
1624
1288
369
1795
1535
2368
1015
799
1846
1087
523
1523
875
1330
1669
701
2231
3882
3254
3049
10482
2046
1136
2018
1251
3372
3437
2000
4400
1026
1750
751
2261
1586
2115
3030
3437
943
773
1828
617
2060
565
1275
345
2059
4582
887
2292
4112
161
1638
1672
1700
1071
249
1369
1100
2615
4255
7961
2205
412
6227
4685
252
4560
564
2543
6330
13196
9130
6132
4442
7399
7924
6312
6906
6067
8564
8396
6831
7060
7800
8900
3573
3942
5663
4684
5454
8685
2352
4173
4949
7732
4660
9978
3176
8831
8117
2561
3243
2395
7619
3654
5784
5524
9193
7348
7168
5039
6798
5450
3624
10196
5884
6247
5874
4448
9335
6331
9589
6432
7491
7404
5327
3543
6776
4531
3827
7228
4746
2434
5166
4608
4273
3452
5602
9612
3499
11202
3070
5410
3822
3854
5617
7113
2559
4669
4626
3648
3768
8309
2325
4899
3430
5615
4121
8246
6158
5564
7472
10034
4616
8384
3420
6051
5227
6271
9489
6904
7607
9322
8976
7028
7408
7373
7138
7328
10239
8684
10207
7184
4749
7261
8676
6604
12247
7082
10043
8331
10747
8067
11470
5909
6886
5204
7998
10910
7238
9657
5106
4677
3121
5882
12975
11710
8876
5211
8163
5356
9472
6974
10201
6673
4252
6429
6953
9606
6599
8496
11750
7824
10976
13472
5255
7022
8249
7565
11628
5013
3329
3513
4953
5127
11085
11779
9227
7840
7898
8033
6520
11302
12590
11233
13173
12101
9803
3442
4220
5720
5671
5139
4136
3766
8848
4372
1594
3446
3032
2937
3456
7258
3659
6830
1637
2451
3437
4524
2883
4845
3966
8836
4213
4581
2268
5389
2636
2025
647
1432
2644
2060
2862
980
7173
4070
4174
3195
3060
10803
4578
4513
1597
5778
8428
4981
8091
8507
9743
8262
2860
8252
3836
6824
7197
8201
7767
6683
8179
1131
3037
4223
3686
2198
5392
2164
1123
2668
5450
6321
1909
4398
4907
3940
2640
2399
2362
3016
2381
1722
4245
2832
2462
3551
4464
4561
6015
6254
4445
3614
7389
6471
3441
3364
6436
5845
5454
3880
1906
2995
1268
2327
1132
1774
3850
1126
5003
3716
2740
2529
7444
7482
4000
2682
2786
3489
2792
3294
1910
3952
2160
2598
2231
3055
2797
10445
3053
8917
7891
9468
5447
8344
2097
8936
6741
4511
6310
2498
1895
2559
2942
304
746
1381
6251
4018
5846
841
3234
988
3233
3792
2657
4666
1660
3539
1296
2694
4033
1919
1229
6625
2579
1762
988
5409
3082
3362
852
1138
1747
961
2120
953
2688
1923
984
5233
2070
2410
1196
772
2383
569
1401
1003
4042
1107
3742
3322
1475
2463
2395
509
1280
2071
1040
3407
1620
5747
5659
3089
4455
3629
6065
3130
2151
934
5165
4379
1205
1017
1673
845
2952
3847
3747
1725
2995
6589
1932
368
7344
5743
6230
4427
5579
10128
6173
3998
7527
2748
2238
3836
3088
3782
3639
6806
9792
7059
5598
10297
8436
8625
7653
10750
7991
3584
6132
5819
6931
7279
10253
12644
8821
8351
9182
6459
6726
6718
8415
7417
7847
7220
5766
1858
7990
9201
3625
6575
3396
1686
2332
4179
4265
4021
2685
3768
5088
4720
8607
5100
1664
9370
6886
3493
7421
6999
4310
8681
4747
1760
3666
5644
5261
2195
2008
2419
1427
3547
5679
2056
4723
5758
4083
2181
1678
2456
5344
2522
3144
3291
2556
3382
7369
3223
3085
7955
5128
4780
3923
4930
4079
6290
2521
4968
4661
5680
2261
3448
1727
3858
1770
6373
1204
3594
6638
1772
7083
6889
2501
3003
2772
5749
2487
7333
4322
7859
2757
4102
4353
3444
1847
2619
2033
2927
2480
2263
2973
2651
4203
3857
2312
4240
1726
1192
4517
3756
2177
4588
3565
6468
4396
3740
1861
4072
4136
4905
1379
5571
2384
3470
2797
7339
3773
5749
2718
5583
2849
1926
2270
1386
5375
5446
1677
3389
6548
2836
6372
4767
4640
924
1054
1906
1911
3841
1159
5677
3205
7223
6152
3871
3170
3241
2845
2220
4569
3076
3179
1406
4017
2880
5835
2877
4410
4823
4613
1988
2436
4962
1475
2114
6086
3172
7767
5988
3038
4109
6585
3318
4788
1402
4810
3120
4527
4443
5634
3823
5214
1325
2850
3992
8976
4933
3467
2818
4005
2859
4942
4172
4738
2629
4670
3267
1561
3156
1665
8766
7337
4800
4478
2647
4946
5524
6930
7815
5391
5462
1339
8004
2241
1733
2505
906
4103
6970
2079
2449
10228
7739
2487
4086
6083
2410
1450
3928
2329
2394
1619
1792
1523
2604
6686
4599
6133
4037
4320
5477
5804
4625
3151
5109
5616
8872
6596
5837
4418
6537
8359
4638
4689
5418
5147
4929
8716
5558
6247
7331
9781
6920
9672
6308
7776
7344
10675
4606
7158
3552
2857
3604
4280
4073
7311
5780
7347
4595
11241
8144
4452
4062
4950
7507
3703
4881
3649
7114
6130
6253
6425
7659
4209
4869
5000
3113
3943
12516
9404
6733
6287
7340
3928
6616
6335
2369
7929
8711
6428
5073
5611
1817
5189
6669
6676
5925
6382
5065
9570
5574
5166
3184
1957
5254
931
2331
1743
2657
1695
278
2489
2670
4468
5817
2749
2181
4169
9308
3786
6211
3315
1576
2355
6745
2351
5994
6498
2062
3461
3447
4922
3390
5295
3145
3883
8117
1719
3053
2898
2327
2327
1411
6434
2708
835
1254
3632
1470
5226
6233
7015
3139
3475
2789
6427
5894
4828
4287
2818
6783
393
775
2864
7941
4774
968
6162
5677
2808
2006
2321
481
1951
8704
3461
4300
1112
666
1438
3446
2201
892
1726
534
1006
2545
728
1083
4199
414
1278
921
7963
4169
1383
4386
1648
1129
2037
662
4886
4616
6020
1647
3632
3348
3611
374
1469
2226
2165
2503
895
5159
1044
2758
1912
458
784
2604
3349
4448
1083
4491
3644
5733
5202
7808
1775
2065
4273
10717
2449
1093
2714
1430
4445
3521
839
5463
5671
2231
3481
1342
3119
1654
2594
2297
2436
2115
3265
6095
3771
3591
4041
3348
5009
4562
4698
1502
3159
7346
5752
5961
6875
3402
769
3512
5888
2241
6030
2211
3805
4364
3990
4223
3799
3174
2290
3128
5908
1406
4844
3135
3037
3615
3377
4965
2397
2887
4143
3105
7325
2738
2714
4675
6263
2724
5319
6598
4605
4939
4668
1873
1875
3545
922
9126
5693
3447
4278
4346
1841
591
2727
3795
2519
2442
5894
1115
4935
5748
5908
4985
3888
3387
3891
5453
2948
4907
1813
2775
2206
1999
1294
1003
4983
2309
2945
1712
2788
2501
898
1864
3335
8413
635
1237
1557
5317
3192
4015
5877
8052
2696
2228
1317
4592
1801
2305
6543
2433
4707
5408
1428
2448
1791
3001
5342
1485
2270
7942
4231
5780
1005
2619
3467
5360
4533
4325
3726
2425
285
3320
5567
4199
855
1883
4783
3908
3564
2035
2939
2817
4038
822
737
1998
2375
2389
1505
1116
2613
9760
2518
1043
1973
2043
3729
536
5578
6017
5242
3735
3182
1632
4070
863
1931
2670
2297
2412
1438
7423
4449
3679
1147
3385
6641
3421
2227
5411
5210
3951
3398
3927
1812
2831
1163
2572
2621
3115
3981
3861
5629
9721
10497
5327
6266
6947
10345
4597
9455
1127
2288
1390
5099
3387
2993
9861
8104
9749
2740
6096
3808
4429
2829
1956
3460
2804
1095
2736
1074
3008
1059
5897
1601
2808
4815
10523
5726
2534
2433
3663
1318
3258
2895
6503
1055
3478
1708
2451
3767
4440
2520
2386
3321
3674
540
4600
4413
1805
816
9765
3073
2831
4344
1832
1624
2459
3520
4847
3288
1518
700
975
3112
2876
3154
1008
4470
3261
3463
2739
2805
2558
4576
4923
5252
6176
4179
4999
4141
2405
502
2462
3073
1502
2332
9846
4068
1945
1193
1170
1145
242
3829
1784
3290
690
6052
1962
3598
2737
148
2003
2760
1081
2870
1084
2096
2326
2379
706
5028
579
2263
3417
1667
770
2376
3074
2721
4117
2661
4052
2768
2866
3001
1176
2759
7015
3682
5307
2067
1574
6087
5590
920
4954
585
2005
3703
3810
4805
2216
2855
2388
3120
3629
2100
1942
2221
3957
7386
10070
4765
1543
4731
3584
2530
3429
2991
7839
3543
1040
3467
2304
8113
5422
2835
1396
1177
2866
3482
2475
2794
5313
5751
4528
5476
6253
5622
4999
6417
1970
3076
4766
2428
2759
3350
679
2370
2554
5136
1182
5027
685
698
7385
1970
2242
2140
3244
3445
1538
2249
2328
845
1247
8859
1806
1069
854
1150
1161
2535
895
2216
2693
4093
2544
2073
1512
4732
3043
1387
1382
392
1429
2211
2352
439
1351
2236
4555
687
1933
381
1454
368
3288
4404
1703
1386
2513
3298
3148
1823
2079
786
5223
4657
3738
3220
4426
1608
3714
1500
2360
4811
2281
6810
7103
4121
6090
4164
2862
1768
2280
4823
3885
1350
2697
4062
3373
2500
1340
1994
1819
10838
4703
1773
3021
4765
1470
2211
2637
5941
4821
2231
2096
6364
4277
3616
3165
4523
5518
5529
4834
4349
5857
1495
3930
1709
4042
2460
5860
5544
2412
1323
3073
5390
2516
4044
2800
5901
5303
3618
2883
7114
8872
9099
5974
3722
3566
2413
1855
1364
1208
2163
3821
2742
1346
2188
2846
9675
3081
3611
4658
2180
2943
5225
7517
520
7325
5665
8827
4453
8463
2849
1640
2998
2618
429
2018
3378
3032
2523
1129
4545
3066
3290
8057
4245
1911
1527
3181
873
3037
1975
3491
1448
914
2210
5916
1539
5101
4624
3319
5224
1913
888
4231
518
1250
2580
2869
1881
2759
1301
5036
1935
2378
234
2167
5456
2176
1077
2818
4220
4994
2149
4499
2652
843
2785
1601
4353
2104
4062
1000
1021
2390
1890
3640
6627
2213
2326
4277
3474
5265
4950
4385
4779
5512
1244
1779
5698
4529
2117
3520
3800
2174
3864
539
4451
3932
1123
4218
2802
5633
1638
3716
3782
3887
920
1806
2066
3597
2246
2350
2591
3207
1143
3534
3098
4515
2003
1263
1085
1721
1160
2718
5952
7750
1171
3113
1027
2953
876
4762
4535
5030
402
6545
4661
6108
4480
4440
4538
6440
2385
744
3421
2903
1335
3376
2223
3023
1583
831
1701
4106
2060
434
2530
1492
3840
804
2043
2421
2652
2585
1033
2791
5081
2992
2596
1450
7434
7651
8700
3933
6337
6144
7748
4722
2674
7447
931
3923
2286
2902
1801
989
4756
6834
3340
3805
3239
1837
4594
2999
6531
7627
7297
8037
4199
12314
706
5426
4565
5189
3171
1882
4123
3097
9354
7999
2926
3541
5596
6106
6915
8227
6744
6591
4660
3487
6869
4617
4219
1365
4195
4955
3347
2823
5068
2801
2777
5074
6689
6003
1890
1872
3514
2291
3692
955
1425
621
4127
9533
9235
10616
4922
6471
5331
3507
7277
5392
3019
3766
4058
2428
2246
5847
3630
1955
5764
8129
3989
1773
1431
3279
3814
2970
4298
4135
3714
5331
4798
2916
4829
3388
4678
3778
3085
4602
1456
1317
7756
2648
5176
5155
1100
5808
2487
3343
1918
2254
2622
3721
5948
1501
8334
6110
1618
1327
504
3026
4429
3829
2984
3498
2297
2670
4449
5442
8396
5186
3506
4249
4262
2266
7934
2610
9204
1736
5521
6161
3312
4016
3639
1961
2604
7968
4425
4843
980
1582
5477
1984
353
1332
3209
2640
3088
3372
1472
6158
1332
1677
1214
1944
4117
3276
5259
4555
2455
3029
5443
5311
1814
1357
465
3804
1895
1604
4505
1251
6039
1816
1298
1286
4615
1961
4069
3012
1230
5056
11431
3338
4447
2851
2559
3077
3689
1699
2050
2752
7290
3681
1621
3092
2626
1625
5093
1243
497
2224
3807
3264
3724
8133
853
917
414
3047
1370
720
3485
3990
2018
5064
3207
1740
4800
1866
3464
1031
3039
793
1452
1679
1748
5533
4156
4872
4495
1491
3425
1451
3427
2633
5202
752
1047
631
700
4193
3628
1314
1639
2622
3088
4410
1864
2443
1244
733
4120
358
5214
641
1568
4493
936
3473
1611
2879
3384
3232
973
2410
3244
885
3660
1124
2474
6130
923
1777
2469
740
1087
5301
1729
655
776
2098
4940
6703
1061
2766
2900
4286
4602
6900
5618
4098
1856
1376
1891
286
4560
1618
1330
1853
4301
3528
640
3606
1228
2036
2197
2119
872
862
3902
1989
1056
3087
2133
1514
1303
2170
238
1903
729
2306
1883
1890
2146
1832
4200
2533
2679
4398
3170
1446
1518
5587
1789
1892
929
1222
2589
1684
4754
2050
1849
3587
4495
6995
2703
1029
2726
3072
3395
1447
5105
2025
2078
1013
1270
2683
2867
1384
241
2089
1460
1726
1033
772
3873
988
2144
6539
4693
2646
1748
1556
3779
5245
1817
4387
4238
5550
721
1359
1920
1705
350
2945
3570
3069
2414
3191
4822
1232
1092
1385
1702
4432
353
434
1183
32
3714
299
2365
1368
1337
1442
4490
2663
6044
1784
10616
1935
3646
1609
7158
3935
2856
5569
4740
3636
632
351
551
2629
6295
4791
5909
984
178
847
2355
823
1565
1568
2791
2976
2104
913
1326
2164
2378
675
2124
1237
5228
2249
448
1522
1785
1782
1012
2201
3176
649
775
891
2109
701
587
6180
7645
790
3335
4278
4554
5620
1608
6454
4867
3953
3451
5547
528
3628
1412
3413
8746
4184
4394
5730
2012
6178
4216
5025
4849
2147
1998
4814
2459
2684
1537
1481
4259
2110
1359
1075
927
3595
906
8635
795
857
484
4656
6806
3917
4436
1098
2922
3910
1752
863
887
1845
3064
1907
1773
2231
7229
642
5865
1746
1669
2828
528
2903
3402
1945
1873
3282
910
2489
2605
2608
4301
3595
557
923
1281
2893
1837
4387
799
6636
1310
6686
1254
7013
1079
5167
561
5300
5190
3170
1350
4404
4674
1152
2316
1317
1844
2820
4842
5935
5655
6820
2766
2260
3954
2715
2523
638
1311
6538
7145
2149
2335
5567
1053
407
615
5787
7163
2122
3603
3114
4938
1081
1240
2506
5352
4319
5942
4029
3572
2667
5253
2641
4130
4255
5646
5841
8073
6167
5102
1868
5029
2377
5021
5984
3343
7276
4896
1342
3347
2311
3837
1565
2591
2731
5445
1775
2071
1572
4316
4164
3966
2934
6679
1126
894
1071
1812
1475
1651
2412
4220
2536
1234
2693
1333
6255
2004
2773
3471
235
4000
4552
1292
5534
7038
2183
3484
3266
2315
2597
6394
3538
3331
2727
3793
3578
8943
2888
4593
1953
2895
2780
3292
2381
1351
4108
1342
3246
8537
4155
3051
490
1997
4887
3419
5271
3058
2886
1509
1228
2526
721
2678
7312
2707
3875
5082
2567
6665
5391
3761
2766
2367
2693
4975
4771
1750
921
1319
2515
1617
595
645
1029
1263
2679
2811
4773
4028
6737
1396
3334
5532
3445
4746
3542
1905
3489
1158
4511
815
2065
572
1849
1925
2373
776
2433
1465
1877
3087
7312
2623
2193
1019
5449
1701
9456
1777
9291
3267
565
1185
5350
3668
2829
3111
2979
2073
5458
3043
2241
2311
2145
7299
1990
2945
1584
2313
1027
2405
3073
3321
3336
5508
7420
1689
10290
2470
2309
4197
1101
604
4666
2441
1677
964
2141
4331
5718
2595
3351
735
1144
1416
2284
2824
5086
7385
738
5594
360
2637
2209
2950
1741
3852
3950
5389
7439
1749
6582
5451
954
3810
1182
3022
1900
4482
3382
2779
3426
2234
5375
3592
4411
3565
2818
666
1534
3505
4322
6940
648
3298
5531
12337
3145
4434
3303
4773
4664
6519
4478
3096
9398
7061
6305
7527
6863
4985
3302
1745
1911
2224
3368
1046
697
3331
4691
5900
4234
612
4275
1843
899
9708
876
4280
3513
3326
801
5425
3354
3434
4522
2677
2776
6154
1910
3219
4402
3277
1748
2411
3237
4270
4164
887
3107
3630
3590
2313
3695
2923
3138
3294
3152
4383
4177
4053
2803
1531
1802
2955
458
1094
3025
1724
3474
4551
5013
5194
3992
6841
4895
6635
8772
4011
3104
6906
5480
1043
1418
2401
3302
2370
3050
1376
2206
2926
1724
1359
773
772
1757
3542
3481
2057
2830
1767
4825
6374
6249
2072
2357
1562
549
3292
4003
3256
1824
4159
6779
1817
4457
2109
7247
3358
8114
1261
4755
8645
4743
3607
6197
7436
4907
14292
2647
3817
1413
6818
5146
6859
3528
3994
6466
9062
2585
1990
1673
6046
5789
2328
5000
2068
3907
6432
5482
4042
2228
1592
5049
3352
4693
1718
6696
2779
5087
3159
7667
2620
2435
6794
3399
5070
1943
4299
3269
2183
1602
5657
3971
3586
7169
7093
1504
1042
759
1890
986
6631
1329
1381
1765
7220
1404
1943
2102
1548
1487
2915
863
1011
4270
1287
1463
1360
1074
8205
1782
1993
906
4701
1076
5122
1481
3673
1753
2700
2579
8659
1481
1793
1737
4240
2225
1080
1717
1397
2834
1563
2549
1122
4094
1395
1116
2322
8410
1239
2501
3149
1031
828
657
2897
886
2859
4204
816
1973
2081
4835
2414
1739
4298
2179
10378
4241
1404
3127
862
892
992
3149
1735
2037
313
5913
2512
1515
1561
3274
809
2685
758
2977
7953
3630
2236
2753
2459
3424
6218
2256
1682
2453
4293
1758
4627
3070
2061
2072
2407
4464
6789
8296
5763
3373
2854
726
7842
3991
4347
5127
4470
5358
4583
4877
4971
4355
3055
3708
3841
4632
5136
1385
1524
4326
2498
3468
2344
2206
3461
3304
1100
2235
5385
8295
1070
2143
3161
2164
4018
2684
9125
816
5076
5702
3199
3113
4582
1432
3344
1683
4667
4606
1537
1135
3455
4793
1895
1200
2380
6332
3421
1857
2151
836
3764
3604
4535
3123
4312
3200
3306
1030
2813
3012
2496
1932
1030
4184
1069
6700
4881
5462
3617
3845
4216
4506
6743
3118
508
5422
4585
5327
1725
2052
1560
3804
461
1103
3546
3032
2612
2009
2245
1500
1905
989
3261
5539
9266
3608
704
876
3278
7552
3489
1784
6981
4228
1110
10352
2023
3169
1646
2965
832
8557
1422
3388
4617
5806
8529
778
2899
1229
3757
8246
4319
6783
871
2010
2393
9351
1602
616
1678
3840
4348
3008
5012
6274
1474
1422
2113
1992
241
4857
1116
1506
1867
1846
2783
2592
6238
2022
896
1771
8013
5322
2280
1074
3501
2987
4511
8121
1738
2613
3857
2674
2517
5126
1600
239
2389
1933
653
1488
5842
1576
3440
2431
1009
1529
2848
1863
1250
2736
3042
2246
4480
2866
7138
4293
3247
824
3004
3365
1735
2029
8752
3177
10622
1025
12762
2855
8215
10397
3004
1477
3481
6526
4909
3197
7858
7601
4809
9930
8447
3192
1795
3896
1003
4199
7340
6380
7310
182
3472
1737
1569
3497
2986
3829
1416
1168
1607
1476
1091
1146
7136
1483
3230
1305
2240
2541
837
4159
3214
1647
3802
227
2190
5311
1294
7987
4323
2793
3146
3285
5263
271
8479
912
4313
1387
856
4756
2930
4638
2667
2834
3349
9632
11656
4443
4389
2761
7979
10185
6192
6762
5700
7477
6867
744
8062
2357
1984
2661
14709
2435
6202
8778
6298
8431
3865
2611
5831
7621
4083
4269
4215
5577
3930
1420
3442
1062
2662
2220
6920
4632
1667
3378
3908
2266
1839
811
2524
2135
5111
2011
5180
2915
1568
2439
1628
2698
3382
747
3340
4035
1624
2545
715
1613
3132
2674
3839
2347
1897
1728
501
647
3344
3198
754
2336
2515
3740
3336
3013
6573
2649
4123
1372
2347
4931
6429
7723
5163
767
3188
6691
1533
1324
5393
3258
1354
9419
2565
3670
2319
3710
1495
1996
2263
2353
2263
853
928
703
1319
1801
3080
1439
2451
3023
5469
1068
2823
835
939
1208
7452
3281
4330
5169
2000
2915
4548
3411
6729
4411
6472
5264
3117
3304
7357
9472
2898
5580
8129
4501
765
5905
3375
2113
3130
5536
2303
1337
7166
4143
4145
4740
6313
4773
5752
6518
10025
5349
1705
948
1290
670
8280
2806
9766
3409
7451
3762
2150
4173
4984
738
2132
785
2782
1523
2730
609
3403
8308
7481
1357
7806
3658
1663
2492
1900
2917
3325
3361
3534
625
1496
3048
2271
2847
649
1436
2443
2456
2966
1194
1848
3649
612
4012
2678
5809
2560
2203
2563
5388
5789
2484
4486
3420
2695
1979
3031
2838
4937
960
7095
4890
2593
1175
5039
5895
6324
8597
3083
204
1465
2351
796
6860
1222
2086
7761
3689
6822
2655
1256
280
512
1826
951
6288
1327
791
3053
4696
2404
4527
3704
10107
1851
2596
2850
1076
714
1657
3740
3658
2253
3368
1339
4505
4075
2222
1702
6200
4379
2285
2645
5282
4121
7386
1651
2333
4392
1032
2035
10114
2415
2757
5033
2888
3652
985
2850
2113
340
1375
2925
3623
2308
1065
1682
3889
906
2461
3799
4951
4484
1487
892
951
1515
2464
906
3518
2976
1605
1025
6912
2373
1329
1891
827
2199
1571
1241
2134
3820
2665
651
3854
1724
848
1603
4132
1530
865
5518
1227
5023
2878
825
3521
2501
1288
1817
2833
1117
3981
1909
1112
613
2525
1286
3666
2989
3267
1841
2796
564
2458
2563
4228
1029
3789
1613
508
1888
1308
986
1399
686
6737
1121
2380
1537
2130
1271
5218
5078
1267
4158
1287
3824
384
649
2922
1947
2236
1928
2796
835
583
1076
2003
1278
825
671
749
1983
3551
1783
1614
268
4995
2300
1819
4111
391
4788
1197
1064
191
762
1013
1888
269
489
687
421
2750
1906
1203
1215
1777
4864
6436
5333
2994
1808
1800
1222
1912
2216
3715
1919
4387
673
1643
664
1050
2744
1650
4693
1799
1985
4728
2746
2214
3636
2595
3024
950
1785
1169
5326
1925
3721
2915
3281
5184
2063
1641
1688
3550
2408
319
3660
3161
4129
401
2531
746
1497
1280
1645
2048
604
550
609
919
1306
2030
3546
4215
4480
1723
1236
1577
2320
584
1517
1924
3250
409
1542
886
391
1121
1440
120
590
1448
1038
630
131
375
4607
880
743
4889
3994
4778
3096
1394
1387
1408
1698
1669
3820
3007
1528
2006
3794
1830
1374
2974
763
2871
2302
1942
2554
3114
643
1658
2195
2082
607
3514
2119
477
1182
1307
1460
5220
1997
758
976
2049
7336
964
6592
6895
1575
979
957
1078
2281
1275
3194
1341
2085
4693
4287
750
8250
1385
1670
987
2258
2335
4572
1924
1461
3531
1186
3912
3561
1202
655
3889
982
1828
1314
1228
732
3473
602
1448
807
327
1609
3760
1905
3682
3318
3277
3810
3045
2843
4123
3278
1026
1945
2939
3362
4113
2892
1347
1625
1044
4191
981
1300
1045
2183
5019
2859
2278
1163
240
1310
525
2001
1324
1092
711
2614
888
6355
283
2716
2017
1833
1577
783
2431
2379
5488
6048
1521
1627
1212
401
3024
5243
847
724
994
1213
1964
2142
4695
3439
2247
2549
2171
584
3727
1803
1456
1053
5132
1386
1645
3330
4341
2757
4115
2428
1137
6695
2877
1778
738
2228
920
1366
1639
1051
2195
3622
592
2402
2711
2012
1949
1019
4900
388
1846
760
1906
2806
2443
4521
762
2277
2472
2018
3566
3399
1955
1428
4946
2676
1441
600
1718
2379
300
4733
3006
2093
835
514
550
1327
1131
2371
808
994
1319
1007
753
1108
1024
758
780
2241
994
276
280
323
608
617
1410
2315
926
3758
449
333
441
1044
474
1986
629
1461
1007
892
653
1322
1060
1064
1901
2348
355
1938
1241
1751
1417
779
706
147
811
3433
93
101
1291
250
773
244
617
755
2459
1120
408
553
2396
749
758
278
909
626
243
703
3694
1731
5112
5472
1049
1657
460
2203
2543
1148
2642
1711
1189
6998
2057
1072
7711
293
192
1502
3839
208
422
5067
6202
1362
361
3534
2558
2070
1342
1757
1960
732
3055
775
5004
1219
2352
510
147
2394
1742
1586
555
2510
1583
2719
4000
1307
1176
1397
4360
1936
3719
1788
4932
6927
5031
3513
2409
4062
4233
3853
6641
2358
5634
6085
2043
3663
6696
3044
1355
2585
4045
514
1857
5616
1282
4110
1218
733
2141
2191
1120
2627
725
1871
4030
699
844
602
1090
1840
791
2557
1452
325
1484
1363
2122
6007
7808
1948
444
1301
1173
2323
1413
926
3249
3425
806
572
2244
2317
392
1926
2225
2133
1578
1037
2260
1587
594
1310
2781
2205
2866
1654
471
1275
639
757
484
430
1254
555
692
208
638
758
1622
1187
358
858
4527
1503
1787
4952
732
2142
1216
567
2191
1417
2311
710
1012
2086
2077
2219
3518
1084
987
451
789
3174
2890
3632
3199
3669
1040
2021
3758
1637
3912
1742
2760
5690
773
3282
3216
7248
4103
5045
1370
1077
7030
1937
1152
873
2083
1957
5289
4915
1120
3836
1440
1383
3850
6145
3230
6518
1902
4670
1751
6023
7004
631
1711
4432
5981
4840
3222
3507
5374
1048
3490
2859
5332
2684
906
779
3876
1358
354
1398
5367
2098
667
1834
407
1102
6418
4538
6026
4976
3367
5858
2330
5596
1552
2779
2235
4956
2768
1688
3899
1641
3364
366
6048
493
1880
3752
1915
2069
5409
3478
2145
3096
969
2779
1181
4005
5070
3084
5296
2467
5603
2097
3781
567
3326
816
2627
1588
886
1275
1200
3269
2478
443
2932
4648
330
6712
1936
738
1457
1218
2992
2726
2307
311
5030
2786
1331
3376
741
1720
6048
804
741
2494
5283
1377
1942
2222
3981
3058
1520
2473
3606
7194
663
1516
1119
1417
1170
1003
2108
3587
3856
848
8386
1267
515
6721
1791
5201
1196
2402
2753
699
4580
1871
582
839
566
927
1035
2676
2727
1146
668
1429
2041
295
387
459
3486
3083
2635
1338
1313
1017
2642
1301
363
6300
3035
1058
3264
1347
1399
2050
831
763
946
1252
860
1254
2517
1604
800
2323
1422
485
708
1064
2264
2641
554
371
897
1063
1383
1786
1075
624
1740
2939
681
316
2973
2188
1187
688
701
647
512
2165
1061
7421
2419
1100
3415
320
366
2996
2384
3064
829
1116
132
601
143
242
1828
3926
3036
850
1686
869
525
876
1068
1073
1741
504
1769
415
2837
2351
551
406
524
1454
840
2481
974
5811
1418
290
574
704
3927
577
387
1145
1100
341
2482
460
1231
1457
2130
951
2987
751
434
1799
382
814
1063
1389
1870
534
447
2156
1066
1144
2207
1553
925
728
2789
163
479
4438
2342
764
699
3146
3499
280
609
810
1402
1643
1497
237
3278
1153
3289
4461
1616
1918
1604
1668
3282
914
824
893
746
3917
1606
2284
2327
2267
3353
1347
794
1927
1461
1192
1870
1026
467
4045
1224
2244
1225
1911
824
2452
1073
2019
1169
1694
514
1456
1753
2497
1327
3277
1467
1248
2380
442
679
4010
3443
5319
1656
2195
7686
228
1224
303
4173
314
1798
1261
2066
2595
976
1525
4910
1017
1435
1347
927
1319
2416
1241
5058
979
1883
1728
2121
3030
775
2861
500
325
889
760
2505
1321
742
687
617
1972
2359
986
2508
1528
4682
1532
1353
3619
2784
5278
692
2482
1450
1719
572
979
1468
1270
5300
452
749
667
1230
2287
1699
1615
621
1237
1104
2625
2014
1207
1116
1392
961
1106
1314
862
3104
544
3162
5611
2210
3348
3380
3427
1484
1778
1001
3051
601
503
534
2922
3047
2078
3486
1231
1931
1101
1635
4029
4144
2350
3184
2354
3599
263
418
742
2898
1812
966
538
784
2310
1356
3472
671
322
957
2232
5504
1692
1198
2196
7276
492
407
3449
369
3385
5175
2409
4077
2706
489
2546
1722
2024
2353
2299
4267
1433
4868
6216
2276
2825
5248
3001
3307
3661
2927
3440
2909
1570
4604
1199
3582
3790
2151
3714
5138
1795
1052
3397
1703
4175
4432
6927
1357
4159
4851
4686
4931
2555
1829
2067
1863
3548
3424
4732
4191
2122
1867
937
2872
3041
1476
1695
5442
1851
628
656
1899
1915
892
6590
2610
2398
4201
1135
3289
1264
2095
2227
2548
483
4431
5003
5720
6724
5613
2381
7635
224
3312
831
544
2146
242
2244
1411
1251
623
1482
2567
1064
1436
3240
5180
3331
5184
789
2621
3715
1330
1175
3227
1135
3694
1793
6160
2329
1633
1180
3528
1360
2094
886
2483
583
4865
1205
1945
1935
1160
401
2818
1529
6466
3412
5226
194
3182
5525
3617
4960
2803
1835
3981
1773
1405
3345
3713
4246
4354
2792
5658
3771
2876
4028
2178
6478
3632
3071
4166
5406
436
1392
1956
1176
2620
1425
1108
2323
1866
2097
3467
1237
2807
2483
1906
3301
500
2106
5792
2988
2978
2234
2276
5114
1398
6338
2587
4501
4131
1141
2735
3990
1535
2014
3777
1647
3335
1849
5349
711
980
2037
1513
1072
5489
3041
7594
5742
3264
1087
460
4068
4007
2714
1785
2376
2036
2768
1217
1731
2642
5596
2719
5828
1876
1655
3986
1049
2470
1621
3684
4736
5576
4172
3338
2147
7073
4281
243
6053
3744
1721
5705
3534
2962
3999
1473
2085
5673
2030
4919
6298
4146
3045
2306
5272
4127
5242
4996
5869
945
3850
4428
6172
4715
1668
2167
5184
2200
2484
1856
1464
634
5321
6006
3395
2256
1769
1153
837
2778
2889
1452
3125
1452
1677
1076
2506
1740
709
4233
1758
5466
1731
2383
1454
249
2563
1348
2463
2312
2700
1205
1399
1136
2431
2964
391
2093
621
1493
1229
568
1127
1520
272
724
1099
1219
397
512
1529
2151
1386
1839
624
574
645
1489
374
884
586
795
1367
1067
938
519
728
442
309
837
1298
308
642
726
1388
497
1241
923
1230
539
1018
2759
4947
4119
353
1285
3618
1042
1450
1337
1297
4613
6933
4918
4393
5269
6397
6562
2864
3561
4591
4864
3583
3321
2790
3021
4607
5556
4739
3820
2607
4596
3988
1792
1815
513
2959
1594
6170
2507
2592
1285
1076
2328
3395
2951
490
4989
1228
1686
3121
948
916
1676
813
2430
602
846
1178
1873
507
311
1834
659
450
2206
3519
1267
697
1377
636
552
1111
4597
650
1748
1643
1203
3815
4052
2670
799
3702
1978
1891
1240
2186
836
718
3021
908
1861
1144
2245
1725
2070
2659
2546
1949
1529
2245
2588
1879
1795
871
1876
3345
2827
1236
3923
4051
5606
1524
2446
612
241
2209
1199
181
621
576
1853
1490
3622
577
1411
476
808
1274
231
567
2372
1050
3046
1221
1938
2862
5408
2779
5636
1679
4989
4904
4744
1225
4277
3378
4453
3145
1343
3940
3939
5263
881
1086
2573
1539
5194
1220
4031
2608
2422
1037
1466
4291
1087
5933
3325
5898
3108
1160
2359
1082
1735
1899
3436
1060
4318
2984
1691
901
1985
426
2937
1143
1230
2210
3701
5306
4268
2708
1224
1203
2493
1281
4478
1094
4131
2173
2011
876
4582
2172
554
896
2456
910
1392
1042
1176
687
3898
998
3067
5500
1417
1405
270
1589
3015
3855
2010
2572
1084
3811
1795
1411
3378
3198
2074
3191
1586
571
533
2337
1078
1174
1626
1793
1438
2403
718
3148
3902
1002
1826
1787
1315
4142
4350
7272
567
981
1400
4591
9359
2187
4406
4982
1605
5598
2511
2703
557
3826
4917
3992
3649
4096
4138
5771
3059
4723
5202
4489
6765
4082
1316
2278
2684
4653
6717
4275
3859
5057
1855
3532
2612
1185
3287
2604
4348
3008
6430
3212
3191
4185
5438
3008
2299
4762
3368
3151
1010
1453
1873
2412
1884
2701
2707
2660
2137
1253
1958
4602
2287
1790
2794
2676
2003
4676
3211
3209
1531
1953
2130
1844
1798
1693
2635
1686
1910
1235
1284
965
1048
1213
2042
1097
1728
2243
2735
1458
1652
2711
2515
5919
4589
2044
5590
2815
2466
3104
4679
1377
2627
1782
5714
2313
4656
5979
5397
3731
2883
3100
1862
679
182
992
6049
3519
3375
2625
3394
1884
2023
980
2268
533
3459
1479
5338
848
2983
1012
4735
3259
2129
3408
1861
776
763
2479
1862
1479
576
842
3740
1847
709
982
1213
710
941
1227
1346
786
815
1880
1397
1185
830
2082
1511
1442
797
3324
3785
1575
1523
3488
1553
1579
2611
1201
2832
1347
1435
1602
1303
1022
1385
1932
1851
1869
868
3933
516
1408
2103
2226
2004
980
3043
696
2799
752
3087
1181
3111
578
2926
939
1633
764
1491
2354
778
914
465
966
2791
1620
1901
3030
5629
2823
856
1120
2346
3453
2758
2160
3467
1798
3124
6208
1031
3569
5344
1468
357
2844
2596
635
629
1304
651
673
6135
1406
1892
668
1693
658
1727
576
1431
2052
1118
4224
1261
1744
3040
1664
2824
1200
4045
321
821
2392
2023
2268
1134
1658
3886
1323
754
1521
2534
1466
569
1277
513
795
537
1046
840
908
462
2032
2240
2410
3467
199
338
1189
2615
2312
1779
358
1179
2506
1614
534
794
1600
1086
488
803
700
1221
3450
982
1815
789
2282
509
162
1198
508
2563
797
1786
1420
2773
324
251
1663
806
6422
875
725
3109
90
891
2439
3222
2572
1457
2399
1798
1226
3479
813
2020
1021
5777
2926
775
2111
1413
5304
2962
944
1622
4371
1918
4620
3927
1958
1061
2364
1293
1457
1510
1658
2074
932
1871
1389
674
1191
5455
1019
441
885
2689
647
4450
3514
1457
2694
351
2063
1946
2336
1368
470
6197
1030
671
1294
13202
2850
3037
1665
1050
894
1130
2818
763
1126
673
5773
4683
941
3890
1169
1419
1938
5648
4027
2319
3978
1250
709
3242
1729
1386
3032
1765
1217
5425
2105
528
1504
2197
3731
4061
4315
2801
1987
710
1679
2861
959
991
1109
1974
1434
878
2032
2132
770
1744
732
2774
4640
6884
3154
958
5340
3569
4472
2315
1771
721
708
2701
3169
593
668
1182
1984
2470
2103
7615
2338
5530
1124
967
838
1682
1734
1814
2408
798
882
980
3863
782
1157
2214
1297
1400
1759
3429
4736
5206
3683
2500
3897
1946
3648
5972
1199
2420
1133
1780
13004
6551
2011
3176
3495
2147
2051
3994
2011
1346
583
1876
4881
1888
719
4076
6560
2318
704
1680
2588
1414
2881
2149
1173
6022
259
1058
5506
1098
1282
3897
2201
2673
960
2165
1220
1004
2698
3899
5935
1963
4419
3008
4299
4364
6339
3060
3969
1977
2549
665
524
1096
1509
2192
2250
2814
2256
2979
396
2984
1486
3684
2432
930
819
506
631
869
452
2898
943
676
581
4258
2764
1663
3723
2969
2240
2475
3076
1325
3117
2723
3022
2005
2122
980
5311
2365
1512
3596
3170
754
5124
4588
4096
2185
1426
2729
4207
1948
4599
5714
649
2216
2954
910
734
2813
1846
2124
3077
3048
2876
808
4812
910
1340
1136
5147
361
5306
2980
925
552
3252
1232
5929
1403
2834
3015
5140
8031
3369
9131
8650
6578
3012
2914
3033
7180
4702
1461
4648
1384
2323
972
1320
1405
4293
3545
3476
1124
7654
3456
519
1102
4336
1803
5156
4023
5816
2597
1746
2213
2730
2842
1436
2261
2017
2599
1915
2257
2885
5005
1938
4492
5744
933
2507
3916
2697
4295
852
1419
292
1264
3921
6495
1059
547
1729
3441
1823
1863
5006
4347
2433
5099
1629
807
3607
1675
2763
1732
7156
2417
630
3316
3886
1188
460
817
1103
6813
1028
524
2120
4955
2578
482
5344
2740
848
1687
4720
2654
2188
746
393
3964
1004
1281
8501
2591
1422
1156
1229
5908
9926
840
2555
4893
8395
4098
2274
4687
4873
1888
2782
1684
1113
3187
5818
3160
4303
2484
1614
1977
2745
3556
2768
4729
1967
1983
4332
2404
731
1129
1960
2692
2073
2319
993
4268
1408
5660
3257
712
4318
4934
3267
319
2039
2295
567
6581
3432
3239
798
6720
910
1479
1958
316
2312
388
2831
2809
1986
398
1454
3030
462
685
2726
1856
3179
501
3048
3249
2602
2358
3285
5841
2897
3739
2316
4520
2046
1247
2380
3970
6669
3799
1254
1101
2700
9602
1698
2610
4128
1797
5487
3911
4828
3005
1938
5208
3233
4801
676
964
5364
8523
3621
5217
1317
3654
3546
2810
2429
4476
2184
4859
3191
4263
1848
1473
2062
5395
3115
397
5342
926
662
2555
2124
5428
2032
5108
3420
2513
1478
5528
6752
4484
2191
2833
2386
1043
4589
1610
2093
3475
3666
4343
4622
2778
3021
1129
2844
1726
3842
1462
1735
1218
835
1783
962
5229
2212
2097
4505
4083
6086
4231
3465
3712
5210
8175
2730
2181
1796
3413
3582
2167
5520
4269
2456
2698
2828
3559
4570
8120
1668
1612
3278
3687
2202
1528
2073
3146
1090
942
1291
3024
1030
4227
1534
1627
1750
1619
1736
5216
2562
2483
2182
1223
1758
921
1595
5822
2271
2071
1846
1673
4335
1985
1632
4137
4954
5631
7423
2495
4291
2646
8621
6729
1827
1455
2671
2838
3672
4978
5629
6407
1730
1268
5061
6181
1531
3300
2002
1305
3157
2611
1635
5754
5662
3869
4088
1677
3817
417
1408
2069
5080
2891
870
4187
4338
1729
2089
1833
2307
5345
1546
1808
2559
1714
2461
3136
2315
5325
4515
1294
4096
3263
2700
2067
1628
1181
4045
4432
2180
3578
1723
2241
1694
1391
2510
2143
2373
2723
3087
1532
2932
4574
734
4782
752
1582
763
1284
2851
478
4007
5057
3117
2504
1309
442
1974
6165
5056
9475
403
1206
557
1217
3713
1559
656
3843
1518
2511
586
470
2402
886
1335
1936
1971
2591
2000
788
2802
4344
1129
1418
4373
770
782
4517
4343
1958
2758
959
740
1329
3645
3415
3095
3647
5623
2581
5231
1164
3121
901
2335
2366
1602
2460
2298
436
6607
3351
2365
5932
6371
2952
4927
2324
6879
6442
7219
1957
3612
4726
5140
5847
1736
1668
1091
739
1842
700
1689
750
4898
1294
1027
2649
2253
5237
922
673
2108
540
2010
2033
452
2464
838
1437
3508
1407
1788
1575
1103
510
2754
2395
1562
926
624
425
2492
1532
364
3165
452
1433
2494
1586
1283
1947
1033
342
1456
1539
1769
2559
1262
876
506
848
1386
4293
316
1426
569
1113
2435
2431
1577
1253
584
3037
644
5042
1664
2367
1053
357
4055
1127
3925
2457
1016
1603
562
3199
2700
5745
1376
2926
1760
488
829
1448
3297
2811
1233
5967
3375
3357
1022
3026
3550
5738
2651
4473
1363
2679
2954
6852
3265
1702
8478
3611
4453
7254
5510
4748
4499
1661
3836
2913
8351
2035
3745
7193
6697
1661
525
1886
5341
3615
1948
1886
6289
3630
1405
3664
3315
2416
5063
1886
1796
7000
1962
5189
3374
2767
4575
1333
6732
1943
5855
583
2426
1724
1182
1903
4200
3718
3772
4363
1578
3220
5988
1526
1307
2839
1654
3647
1393
1708
1727
3321
1316
2519
1158
2362
1401
8856
4954
4953
9616
6968
1923
7156
5857
1498
2571
1504
2808
5803
2846
2069
3459
3091
4242
7286
2096
8422
1370
851
6242
1481
1516
2089
3503
2992
1675
4503
6687
2157
3699
3526
3607
5121
2215
4621
4405
3125
6115
7174
3040
4860
2966
3020
1875
2220
2161
1458
1650
2051
1765
8543
6270
5860
5408
5484
5548
2871
1541
1847
1796
5207
2642
1109
1818
2061
2921
1367
3671
1375
1591
3132
4210
3137
1328
2966
2931
3408
2927
4316
3209
4698
419
667
4848
3761
1751
2680
2047
938
9820
6486
5963
5001
2185
7345
2250
1588
3119
6551
6629
3103
2609
3362
2619
1754
3778
394
1642
1262
1635
933
4781
1782
970
1647
514
1868
1878
3413
608
2554
1147
1293
3185
988
1060
1274
1574
5114
495
2602
1591
1950
2988
2727
3447
649
601
1491
5198
2728
4519
1829
11172
4208
3422
4374
3644
3022
2276
1499
3483
3892
1210
795
1424
4998
4412
3513
3070
763
3178
2026
6112
2751
2674
4046
10977
2107
2741
7123
6608
8240
6042
1761
7421
2830
3135
1683
5242
2605
5729
3015
4294
6711
2317
3431
3645
1733
4648
1287
3987
4750
800
5085
3823
6995
869
894
2473
1288
2871
4383
3863
834
995
861
4605
2266
2833
2590
4933
819
921
1602
1061
4213
5357
3069
1306
2489
4417
1599
2658
1900
7513
5645
1274
2242
4040
1420
1844
979
2791
1635
2745
2247
7393
561
4260
1598
2224
1103
3142
3725
1933
1266
6438
7030
6018
3283
3073
2917
2440
1443
1652
599
1562
2399
5501
1388
4218
1342
555
8171
2550
2844
1254
428
1608
5103
950
1948
1321
3919
7976
906
2865
985
3299
4255
2053
742
2145
1003
2330
3467
567
2624
1048
2045
6131
3671
1120
4800
3098
10106
8075
8629
1827
1307
3245
3651
850
2041
5592
3601
2114
3188
1876
2776
5698
1318
3442
1837
1963
3660
2146
599
1867
3307
1467
1696
2688
1761
875
3167
4088
1425
6207
2840
2334
4888
2176
2520
2956
4520
1393
2285
6929
8747
7063
7022
5412
7273
2336
4076
1949
5224
1977
3489
1211
1171
4477
1967
1496
1629
1817
5174
4555
2176
5604
3150
2080
4984
1298
3031
2609
1670
1660
4198
1952
3082
7444
3978
4612
2369
2886
5182
2269
2306
3584
1318
3436
3554
1069
736
1135
5133
1275
5203
2359
1160
2912
1681
283
3906
2393
2130
3991
5783
4545
2826
7618
3544
2653
3500
4474
11492
5972
411
3880
6340
6075
1835
5135
2323
2400
3530
1905
7257
3681
5614
1604
2067
5212
2143
6086
282
2480
1891
3262
2084
3418
3505
672
1552
1134
2493
1963
1183
562
3604
1634
2145
694
2598
1702
604
1356
3062
1817
3347
1103
2283
4405
1599
3691
6998
3339
4153
1686
5600
1926
2863
6468
4841
899
5352
2981
3551
2943
1172
2805
5358
1733
1532
2040
1387
2509
2018
1190
1307
1616
1173
8893
653
2235
6958
10515
4928
5255
4015
5854
3611
1777
1958
3483
3300
1316
2034
7253
2929
4946
1073
2982
3133
684
2606
5966
2860
1326
2664
4076
5042
2491
887
4231
5300
8209
6061
2696
7414
6499
2573
7686
3356
826
5333
5462
6414
2047
3560
531
1025
882
1207
3848
6740
2501
10107
1655
3685
7614
5191
4450
3831
2559
3077
4039
9619
2447
4184
5952
3087
4509
4146
3927
6860
2082
645
4137
5101
6621
3449
3585
2172
3823
5792
605
3179
2774
6611
5799
3144
2340
3812
1665
1974
3770
4720
2791
2276
6689
4785
3735
2392
1246
2081
3861
632
2709
3515
3193
2892
3524
1164
4233
4689
8524
3228
4828
6041
1738
2896
5912
2453
1326
3361
4644
3333
4406
4839
3526
3559
3758
2783
2646
4918
5629
1555
3258
3832
4847
2737
2875
3225
2407
2048
8247
2597
2944
6000
2716
1989
5174
1878
3027
7603
6232
4667
5875
6118
3445
4452
1752
2178
2641
700
2844
2366
2628
2309
3553
3047
5027
3207
3388
1520
1962
3941
1929
1120
4030
1851
1682
2127
6188
5912
1241
2547
2252
15608
5961
6578
4347
2332
4086
2469
6221
5894
1638
1200
1822
3841
3036
740
4122
3307
2627
2367
8218
4834
8481
3222
1504
4883
821
2393
2397
3401
3987
4397
6531
3467
2897
2710
3629
6754
5053
1679
1331
4047
4149
4053
1790
1871
5104
2620
2705
3612
2466
2021
1548
207
883
651
541
1473
1035
3264
5193
2055
3792
2879
2109
5429
3396
1067
5681
4998
3682
3124
1944
853
2819
3522
330
2981
1221
2016
1212
1332
1888
3353
2076
3970
389
1044
3464
3649
937
998
894
3938
2027
1792
1497
3006
1301
4131
988
2310
2225
1690
1054
2046
909
1495
4525
574
1688
3654
1010
5422
2859
1343
2755
1204
2262
2402
1407
6498
5098
4892
5914
2282
5064
3163
2762
1290
2604
1917
3598
3394
4176
1781
3406
2473
6245
1138
1867
2791
1375
2014
2321
4136
8933
3145
2457
4591
7667
2270
5546
4759
5149
2578
3992
2662
6102
3012
6622
5743
2907
4107
3987
4259
5392
3985
5310
7469
7857
3043
3625
3596
3712
5116
7676
4107
2611
3843
5373
5315
3187
4224
3303
672
5910
3891
2222
4389
2379
5704
5058
4419
3336
1524
1901
10048
1418
2845
2426
2179
3191
3176
2826
6044
3049
6061
3228
2325
5907
4241
4170
6346
2872
1287
3819
3017
2073
3697
3052
4028
3344
3223
3987
3675
2834
2313
1495
4539
3097
1593
4700
3640
2073
4716
2912
5105
2930
1679
5342
1718
1628
2673
2382
1624
1437
5451
2572
1908
2856
2354
1986
2159
1824
4903
8295
3903
2519
4792
5303
4390
5203
5610
5958
6450
4316
5590
5002
4582
4855
7073
3505
2519
1021
2722
3707
4400
6791
3958
4592
2863
10091
3809
5609
7701
6412
4678
4216
5422
8348
5530
6871
1862
9688
3947
972
1155
2391
3565
3847
1343
2143
1294
1305
4053
2264
2636
1231
1732
3330
2419
4738
1488
1873
1607
4359
912
2188
5785
5194
4619
1744
3671
1909
6038
5518
4938
2891
4278
2180
3983
1699
1273
6571
5622
5392
2917
5694
4568
3619
5769
4590
3424
5920
5176
6080
6508
5250
6277
5638
2656
5718
5124
4525
3513
3435
1620
5318
5140
6385
5641
3238
7540
5820
5138
4591
4274
3729
6700
5155
3743
4989
5666
5414
5364
7656
6222
6602
3605
6924
2720
2295
2333
6819
3287
5855
4704
2263
2492
1943
2781
9601
4212
5858
2644
2455
3273
3964
4032
2467
1075
367
1262
835
2391
2447
1075
5650
6922
5013
3442
3391
2596
5334
1234
4442
2610
4076
9401
6384
2269
8833
8274
4087
3218
5882
10465
5881
2810
3014
1929
4295
2440
2383
1149
1484
6264
2819
3885
2190
4558
4945
5274
2522
3330
6804
3989
4929
6209
6509
5481
6099
3906
8485
8467
5223
2664
1383
2896
5655
3055
6267
1964
5681
3791
9872
7404
11927
8540
3001
9949
8040
4151
11671
7880
4022
7974
4760
7178
7915
12192
8270
8959
4621
4474
3947
2754
6565
2173
2544
1320
3041
7197
3818
4862
7814
2673
5128
7028
600
675
1285
2234
3950
8740
1541
4292
1657
4957
1849
6455
1963
4815
4104
6692
9426
1346
2834
2094
3216
1121
2018
6568
4055
1674
5157
4501
1542
3787
6988
7417
4607
3151
2107
11981
1682
2242
3623
2614
1239
800
5125
4589
773
1436
3029
5063
3765
6417
2702
5487
3109
4090
2438
6662
7745
666
2421
4812
3626
2949
4921
4880
5201
2056
4487
1508
1273
2938
2464
1419
1760
1518
1211
1925
3915
1128
5242
2478
3789
1073
3237
3260
1883
6535
4542
3997
1637
2608
3023
1741
2464
1922
6808
10195
3279
8271
6850
4200
5900
4735
2092
2193
5672
5829
3952
2019
2337
4721
859
5482
1736
1031
1588
1493
6528
3156
3299
4190
5013
628
892
3326
6904
3792
4928
4074
2254
1072
2160
4437
4009
5667
3879
4148
4352
3828
5619
3441
7324
7620
1753
2955
8854
5491
6114
8883
2472
5059
2364
4580
7095
6166
3627
9118
3665
6898
5809
5489
12525
5236
4659
8131
7741
5118
3566
5625
3432
4943
8166
4525
6481
8309
3131
3678
1958
3121
3561
4413
621
1250
3662
3091
1485
2259
1964
2744
3457
1426
1853
237
5115
1663
3157
2365
4607
7377
5144
2532
1529
5734
2069
5521
5576
6905
5517
3585
1822
8619
4653
1706
5568
8186
4341
3623
5281
4936
2230
3327
6371
7121
2183
4256
7791
1337
1449
3137
4053
1935
2715
2248
2018
4560
9923
4090
1062
2040
4374
6207
2853
1754
1609
3802
3386
1843
3400
2098
9499
1948
6100
2107
2957
2119
1849
6477
2732
4504
2361
3494
2885
9524
939
1659
1584
620
1163
3462
1326
1942
1756
1202
2203
2007
2119
3187
3712
4588
3658
3813
7737
6706
1767
2570
2870
1067
348
1249
1801
5265
3180
3096
1624
2570
1913
3444
3061
1579
4559
2573
1478
7721
5550
6919
5369
3637
6532
7178
2200
3051
2692
4585
2578
1511
2098
2463
3645
1817
3043
3815
3166
3440
1621
2441
3920
6651
3125
1521
4373
2022
6970
2202
4467
3074
1739
2734
3743
3021
681
2588
3668
4268
11587
4403
1187
2182
2047
2928
5061
5823
5252
2982
4959
4093
7829
3580
9145
4637
5316
3789
5532
6693
3491
2927
1507
6545
1817
2577
2785
1395
1863
1050
411
1813
8141
1060
2312
3257
2409
2215
2690
2884
6831
6787
2160
1734
3774
358
1177
6722
2123
3549
2062
3000
1396
2818
1498
3125
4923
3618
984
1059
4271
6244
1177
1546
7978
2916
3573
2193
2320
4079
4535
4537
3101
1671
2459
599
418
2178
1491
1963
5209
1787
1342
3798
8214
1334
3264
1293
2335
4431
4603
645
1547
4299
3518
4484
7034
1720
2399
2091
2225
490
843
8030
5028
3689
3288
5005
6467
6835
6029
823
6611
5667
4765
2017
3317
7364
2360
2175
2627
1213
620
2174
794
1952
362
1940
815
5691
2078
1342
583
1478
2873
4964
574
759
1355
7934
2494
2258
1556
1463
4165
5646
7470
1710
3674
7699
4157
2733
694
1156
771
846
2233
1539
1445
3396
707
4576
1904
6945
1166
5623
6389
4082
1923
8369
4824
3004
2914
5687
2754
4297
778
1759
2660
3952
2164
3462
702
4845
2014
4402
2816
4889
4884
2694
907
1362
2444
3154
1401
1446
824
568
1951
1516
1938
1155
4379
2329
5401
5914
5331
2884
7442
7883
5107
5736
6097
7592
2136
1907
4508
2568
2748
2378
3860
2771
1868
952
1762
4536
4754
7411
7085
2055
1503
1786
1573
2353
2541
2100
1033
4469
3911
3300
2520
1702
2671
2302
1507
1730
1508
3860
985
617
261
2230
1859
2183
824
2399
737
6079
1243
1933
10084
9923
10245
9203
9696
7163
4276
2528
3110
2797
2657
3158
1130
1642
1053
2636
1272
4298
2259
6047
1688
2669
3789
3340
8394
6058
5479
4379
2210
2495
1533
5800
4304
1096
1194
1403
956
1981
4197
2635
6073
2734
841
2329
1416
1857
3368
2871
1966
2229
1414
5074
1225
978
6775
3231
3939
3684
3606
7828
809
3513
6596
5365
4367
2072
6929
4555
7209
3813
4176
4359
3634
4708
4606
3870
4853
2762
961
2533
8653
10300
4650
5904
4975
10916
2112
3223
5570
2411
3466
1978
2199
4999
2972
6030
2930
1863
5257
5945
1762
1945
2043
3621
6432
2971
9237
9181
3727
3919
2860
2573
9598
1390
1975
3904
8737
1892
2686
3504
3863
5009
9460
9327
4080
3216
4018
2638
6770
5938
2054
3362
5288
5017
9418
5022
5621
6138
1580
1848
4986
4764
2549
9886
1852
4811
4387
4371
3490
4619
2998
4572
9529
7286
6030
10116
4200
10464
11116
11547
8166
5050
8995
9209
9692
10694
7230
9454
11200
2806
10731
8762
5398
6677
6376
2992
12900
1450
2282
7620
6105
6121
2881
10535
13214
12567
6397
2780
999
5698
3791
4110
3007
5424
2301
14983
6013
10028
6115
579
2019
8941
6215
7932
10681
7388
4827
4376
7417
7937
6324
2949
2964
4335
5695
6259
9786
3676
2069
7117
1815
2458
2717
1307
1285
3393
3429
7620
2165
6258
3755
13441
5700
5177
6373
5817
9116
4322
3723
5442
9677
9765
9435
3219
8859
9221
12813
9480
6774
996
4215
3230
2533
3032
4981
18575
7515
2953
12166
9119
4929
8421
7296
6271
7964
5905
4182
4937
4614
4348
1894
7376
8844
3240
9202
6478
4691
6277
1951
11271
3390
4695
8366
9199
12410
13644
7786
4331
7590
3689
2496
5499
2519
8095
12853
4202
5822
1731
4226
2579
2212
4515
4126
4005
1272
1735
1731
7308
4372
1978
3230
6724
4581
3416
3671
4406
6232
2918
1045
3079
4863
2879
3980
2979
4267
4889
10746
11415
4658
8271
4383
10517
2620
4721
3097
8483
7548
16231
3073
7569
4326
4093
1898
928
1667
3021
4238
4835
3386
819
4943
2638
2862
9842
9299
2372
5178
4463
4188
6620
7947
6675
2949
2490
9802
5392
6951
4390
4616
4181
4664
3738
5566
4679
5338
5889
4108
2822
2265
3226
1626
6296
3940
892
11854
1796
6048
1916
4802
6815
1784
6859
4139
4840
3092
6289
5829
3293
1640
1497
1115
4924
4674
4418
1873
2943
2097
4657
5503
1611
2346
4138
1979
4440
2637
685
2273
2136
3870
1339
5899
1276
4052
4044
2141
4994
889
1286
1000
3429
3908
2080
3693
1545
1574
2018
3032
4102
850
2447
2991
6673
2644
4406
6932
652
11119
1244
5958
5767
1472
2271
1562
726
3305
1148
2190
1324
3632
5434
1849
1722
976
6615
1050
1622
2924
4090
1064
5936
1938
4804
2155
4032
1458
1789
6270
426
7089
5630
1635
1879
3486
1928
5497
1943
5774
1855
1627
2065
4263
2138
587
4639
2967
6292
716
1997
1110
4289
1621
3872
2116
4961
5924
1115
2139
1501
1935
1119
1559
2798
3894
4987
5080
3780
2305
5720
1566
3764
1797
3183
2817
1596
2834
1336
2909
2152
2469
4312
6377
4441
5946
3492
6134
2214
1388
2391
1985
5105
2236
2822
1765
1060
7443
3318
2998
1154
761
1464
4482
4056
3487
2783
3297
2604
860
1776
1589
6281
2235
3114
1464
6560
1699
1463
1748
1181
4931
1434
5958
2899
2950
1626
2392
983
4571
3901
1633
1110
3614
1207
1446
784
2561
2563
7391
967
3251
1428
3626
7540
1700
724
1021
684
1686
3488
1062
8553
3017
1802
1363
2191
4938
2777
1097
1762
2514
817
3259
2297
3841
3360
2578
3059
2407
717
2797
880
1029
2748
5798
892
2110
1010
7511
7335
3284
4981
1705
4759
1435
2161
2977
778
1780
4388
1682
1733
5589
2071
2619
1562
946
3452
1031
1253
5098
1782
6999
1203
826
2269
1899
1014
3961
705
3919
2595
3158
989
3542
2312
6441
8773
2521
8359
5291
3292
9175
6674
2576
1055
1716
5527
1868
7274
2885
5230
2203
939
604
5629
1091
525
1553
710
5946
2341
1883
1926
10038
4766
3180
6527
9975
3665
10667
943
3273
2335
2321
2361
3884
1945
11953
3845
2297
2922
6869
11436
5220
2967
1733
6365
8791
1564
5832
3535
4826
6956
1126
6104
9685
4321
9037
6587
5356
6089
1942
876
2313
1059
6692
6695
2794
1765
3055
6484
4074
389
2389
6647
3116
1039
1053